0.506489
0.500019
0.493791
0.487795
0.482022
0.476463
0.471111
0.465955
0.46099
0.456208
0.4516
0.447162
0.442885
0.438764
0.434794
0.430967
0.427278
0.423723
0.420296
0.416992
0.413807
0.410735
0.407774
0.404918
0.402163
0.399507
0.396944
0.394472
0.392088
0.389787
0.387567
0.385425
0.383358
0.381363
0.379438
0.37758
0.375786
0.374054
0.372382
0.370768
0.369209
0.367704
0.366251
0.364847
0.363491
0.362181
0.360916
0.359694
0.358513
0.357372
0.356269
0.355204
0.354174
0.353179
0.352217
0.351287
0.350388
0.349518
0.348678
0.347865
0.347079
0.346319
0.345584
0.344873
0.344185
0.343519
0.342875
0.342252
0.341649
0.341066
0.340501
0.339954
0.339425
0.338912
0.338416
0.337936
0.337471
0.33702
0.336584
0.336161
0.335751
0.335354
0.33497
0.334597
0.334236
0.333886
0.333547
0.333218
0.332899
0.332589
0.332289
0.331998
0.331716
0.331442
0.331177
0.330919
0.330669
0.330426
0.33019
0.329961
0.329739
0.329523
0.329314
0.32911
0.328912
0.32872
0.328534
0.328352
0.328176
0.328004
0.327838
0.327676
0.327518
0.327365
0.327216
0.327071
0.32693
0.326792
0.326658
0.326528
0.326402
0.326278
0.326158
0.326041
0.325927
0.325816
0.325707
0.325602
0.325499
0.325399
0.325301
0.325205
0.325112
0.325022
0.324933
0.324847
0.324762
0.32468
0.324599
0.324521
0.324444
0.324369
0.324296
0.324224
0.324154
0.324086
0.324019
0.323954
0.32389
0.323827
0.323766
0.323706
0.323648
0.32359
0.323534
0.323479
0.323425
0.323373
0.323321
0.32327
0.323221
0.323172
0.323125
0.323078
0.323032
0.322987
0.322943
0.3229
0.322857
0.322816
0.322775
0.322735
0.322695
0.322656
0.322618
0.322581
0.322544
0.322508
0.322473
0.322438
0.322404
0.32237
0.322337
0.322304
0.322272
0.322241
0.32221
0.322179
0.322149
0.32212
0.322091
0.322062
0.322034
0.322006
0.321979
0.321952
0.321925
0.321899
0.321873
0.321848
0.321823
0.321798
0.321774
0.32175
0.321726
0.321703
0.321679
0.321657
0.321634
0.321612
0.32159
0.321569
0.321547
0.321526
0.321506
0.321485
0.321465
0.321445
0.321425
0.321406
0.321387
0.321368
0.321349
0.32133
0.321312
0.321294
0.321276
0.321258
0.321241
0.321223
0.321206
0.321189
0.321173
0.321156
0.32114
0.321124
0.321108
0.321092
0.321076
0.321061
0.321045
0.32103
0.321015
0.321
0.320986
0.320971
0.320957
0.320943
0.320928
0.320914
0.320901
0.320887
0.320873
0.32086
0.320847
0.320834
0.320821
0.320808
0.320795
0.320782
0.32077
0.320757
0.320745
0.320733
0.320721
0.320709
0.320697
0.320685
0.320674
0.320662
0.320651
0.320639
0.320628
0.320617
0.320606
0.320595
0.320584
0.320574
0.320563
0.320553
0.320542
0.320532
0.320522
0.320511
0.320501
0.320491
0.320481
0.320472
0.320462
0.320452
0.320443
0.320433
0.320424
0.320414
0.320405
0.320396
0.320387
0.320378
0.320369
0.32036
0.320351
0.320342
0.320334
0.320325
0.320316
0.320308
0.3203
0.320291
0.320283
0.320275
0.320267
0.320259
0.320251
0.320243
0.320235
0.320227
0.320219
0.320211
0.320204
0.320196
0.320189
0.320181
0.320174
0.320166
0.320159
0.320152
0.320145
0.320138
0.32013
0.320123
0.320116
0.32011
0.320103
0.320096
0.320089
0.320082
0.320076
0.320069
0.320062
0.320056
0.320049
0.320043
0.320037
0.32003
0.320024
0.320018
0.320012
0.320005
0.319999
0.319993
0.319987
0.319981
0.319975
0.319969
0.319964
0.319958
0.319952
0.319946
0.319941
0.319935
0.319929
0.319924
0.319918
0.319913
0.319907
0.319902
0.319897
0.319891
0.319886
0.319881
0.319875
0.31987
0.319865
0.31986
0.319855
0.31985
0.319845
0.31984
0.319835
0.31983
0.319825
0.31982
0.319815
0.319811
0.319806
0.319801
0.319797
0.319792
0.319787
0.319783
0.319778
0.319774
0.319769
0.319765
0.31976
0.319756
0.319751
0.319747
0.319743
0.319738
0.319734
0.31973
0.319726
0.319722
0.319717
0.319713
0.319709
0.319705
0.319701
0.319697
0.319693
0.319689
0.319685
0.319681
0.319677
0.319674
0.31967
0.319666
0.319662
0.319658
0.319655
0.319651
0.319647
0.319644
0.31964
0.319636
0.319633
0.319629
0.319626
0.319622
0.319619
0.319615
0.319612
0.319608
0.319605
0.319601
0.319598
0.319595
0.319591
0.319588
0.319585
0.319581
0.319578
0.319575
0.319572
0.319569
0.319565
0.319562
0.319559
0.319556
0.319553
0.31955
0.319547
0.319544
0.319541
0.319538
0.319535
0.319532
0.319529
0.319526
0.319523
0.31952
0.319517
0.319514
0.319512
0.319509
0.319506
0.319503
0.3195
0.319498
0.319495
0.319492
0.319489
0.319487
0.319484
0.319481
0.319479
0.319476
0.319474
0.319471
0.319468
0.319466
0.319463
0.319461
0.319458
0.319456
0.319453
0.319451
0.319448
0.319446
0.319444
0.319441
0.319439
0.319436
0.319434
0.319432
0.319429
0.319427
0.319425
0.319422
0.31942
0.319418
0.319416
0.319413
0.319411
0.319409
0.319407
0.319404
0.319402
0.3194
0.319398
0.319396
0.319394
0.319392
0.319389
0.319387
0.319385
0.319383
0.319381
0.319379
0.319377
0.319375
0.319373
0.319371
0.319369
0.319367
0.319365
0.319363
0.319361
0.319359
0.319357
0.319355
0.319354
0.319352
0.31935
0.319348
0.319346
0.319344
0.319342
0.319341
0.319339
0.319337
0.319335
0.319333
0.319332
0.31933
0.319328
0.319326
0.319325
0.319323
0.319321
0.319319
0.319318
0.319316
0.319314
0.319313
0.319311
0.319309
0.319308
0.319306
0.319304
0.319303
0.319301
0.3193
0.319298
0.319296
0.319295
0.319293
0.319292
0.31929
0.319289
0.319287
0.319286
0.319284
0.319283
0.319281
0.31928
0.319278
0.319277
0.319275
0.319274
0.319272
0.319271
0.319269
0.319268
0.319266
0.319265
0.319264
0.319262
0.319261
0.31926
0.319258
0.319257
0.319255
0.319254
0.319253
0.319251
0.31925
0.319249
0.319247
0.319246
0.319245
0.319243
0.319242
0.319241
0.31924
0.319238
0.319237
0.319236
0.319235
0.319233
0.319232
0.319231
0.31923
0.319228
0.319227
0.319226
0.319225
0.319224
0.319222
0.319221
0.31922
0.319219
0.319218
0.319217
0.319215
0.319214
0.319213
0.319212
0.319211
0.31921
0.319209
0.319208
0.319206
0.319205
0.319204
0.319203
0.319202
0.319201
0.3192
0.319199
0.319198
0.319197
0.319196
0.319195
0.319194
0.319193
0.319191
0.31919
0.319189
0.319188
0.319187
0.319186
0.319185
0.319184
0.319183
0.319182
0.319181
0.31918
0.31918
0.319179
0.319178
0.319177
0.319176
0.319175
0.319174
0.319173
0.319172
0.319171
0.31917
0.319169
0.319168
0.319167
0.319166
0.319165
0.319165
0.319164
0.319163
0.319162
0.319161
0.31916
0.319159
0.319158
0.319158
0.319157
0.319156
0.319155
0.319154
0.319153
0.319152
0.319152
0.319151
0.31915
0.319149
0.319148
0.319148
0.319147
0.319146
0.319145
0.319144
0.319144
0.319143
0.319142
0.319141
0.31914
0.31914
0.319139
0.319138
0.319137
0.319136
0.319136
0.319135
0.319134
0.319133
0.319133
0.319132
0.319131
0.319131
0.31913
0.319129
0.319128
0.319128
0.319127
0.319126
0.319125
0.319125
0.319124
0.319123
0.319123
0.319122
0.319121
0.319121
0.31912
0.319119
0.319118
0.319118
0.319117
0.319116
0.319116
0.319115
0.319114
0.319114
0.319113
0.319113
0.319112
0.319111
0.319111
0.31911
0.319109
0.319109
0.319108
0.319107
0.319107
0.319106
0.319106
0.319105
0.319104
0.319104
0.319103
0.319102
0.319102
0.319101
0.319101
0.3191
0.319099
0.319099
0.319098
0.319098
0.319097
0.319096
0.319096
0.319095
0.319095
0.319094
0.319094
0.319093
0.319092
0.319092
0.319091
0.319091
0.31909
0.31909
0.319089
0.319089
0.319088
0.319088
0.319087
0.319086
0.319086
0.319085
0.319085
0.319084
0.319084
0.319083
0.319083
0.319082
0.319082
0.319081
0.319081
0.31908
0.31908
0.319079
0.319079
0.319078
0.319078
0.319077
0.319077
0.319076
0.319076
0.319075
0.319075
0.319074
0.319074
0.319073
0.319073
0.319072
0.319072
0.319071
0.319071
0.31907
0.31907
0.319069
0.319069
0.319068
0.319068
0.319068
0.319067
0.319067
0.319066
0.319066
0.319065
0.319065
0.319064
0.319064
0.319063
0.319063
0.319063
0.319062
0.319062
0.319061
0.319061
0.31906
0.31906
0.31906
0.319059
0.319059
0.319058
0.319058
0.319057
0.319057
0.319057
0.319056
0.319056
0.319055
0.319055
0.319055
0.319054
0.319054
0.319053
0.319053
0.319053
0.319052
0.319052
0.319051
0.319051
0.319051
0.31905
0.31905
0.319049
0.319049
0.319049
0.319048
0.319048
0.319048
0.319047
0.319047
0.319046
0.319046
0.319046
0.319045
0.319045
0.319045
0.319044
0.319044
0.319043
0.319043
0.319043
0.319042
0.319042
0.319042
0.319041
0.319041
0.319041
0.31904
0.31904
0.31904
0.319039
0.319039
0.319039
0.319038
0.319038
0.319037
0.319037
0.319037
0.319036
0.319036
0.319036
0.319035
0.319035
0.319035
0.319034
0.319034
0.319034
0.319034
0.319033
0.319033
0.319033
0.319032
0.319032
0.319032
0.319031
0.319031
0.319031
0.31903
0.31903
0.31903
0.319029
0.319029
0.319029
0.319028
0.319028
0.319028
0.319028
0.319027
0.319027
0.319027
0.319026
0.319026
0.319026
0.319025
0.319025
0.319025
0.319025
0.319024
0.319024
0.319024
0.319023
0.319023
0.319023
0.319023
0.319022
0.319022
0.319022
0.319021
0.319021
0.319021
0.319021
0.31902
0.31902
0.31902
0.319019
0.319019
0.319019
0.319019
0.319018
0.319018
0.319018
0.319018
0.319017
0.319017
0.319017
0.319016
0.319016
0.319016
0.319016
0.319015
0.319015
0.319015
0.319015
0.319014
0.319014
0.319014
0.319014
0.319013
0.319013
0.319013
0.319013
0.319012
0.319012
0.319012
0.319012
0.319011
0.319011
0.319011
0.319011
0.31901
0.31901
0.31901
0.31901
0.319009
0.319009
